spawn:
  world: world
  x: -64.589906022711
  y: 79.0
  z: 113.22951621543935
  yaw: -88.77081
  pitch: -4.2407665
